     0     0     0
     0     0    10
     0     0    19
     0     0    20
     0     0    21
     0     0    30
     0     0    31
     0     0    40
     0     0    45
     0     0    47
     0     0    50
     0     0    51
     0     0    52
     0     0    53
     0    10     0
     0    10    10
     0    19     0
     0    20    20
     0    21     0
     0    30     0
     0    30    30
     0    40     0
     0    40    40
     0    41    41
     0    42    42
     0    43    43
     0    45    45
     0    50     0
     0    60     0
     0    61     0
    10     0     0
    10     0    10
    10    10     0
    10    10    10
    15    15    15
    19    19     0
    20     0     0
    20    20    20
    21     0     0
    21    21     0
    25    25    25
    27    27    27
    29     0    29
    29    29    29
    30     0     0
    30     0    30
    30    30     0
    30    30    30
    31     0     0
    31     0    31
    32     0    32
    34     0    34
    35     0     0
    35    35    35
    40    40     0
    43    43     0
    45    45     0
    46     0     0
    48    48     0
    50     0     0
    54     0     0
    58     0     0

